-6.060734863196886035e-01
-7.783180196121661232e-05
6.373726858716253184e-04
1.598163991162404596e-02
-6.171766516297367026e-05
2.712882002851002561e-02
-2.008096440569147045e-01
1.288646525399115552e-04
-2.339279437137586903e-02
1.051526551477797349e-05
4.841119416215372562e-03
-4.065913104972929126e-02
-5.079766180112984305e-04
1.506011417985453349e-04
2.220984296720452528e-03
5.877434864436814621e-03
6.205270852099209478e-03
9.840759776081958385e-04
3.417627849131310569e-02
8.738147586621171706e-04
1.763937601713383430e-02
1.857539842837112598e-01
9.807869342601531655e-04
6.949204370217696436e-01
4.347981473994805540e-04
6.430673269197370590e-02
3.987332173278912428e-02
-2.593155051513126863e-04
-9.702594824744226187e-04
-4.598451651565567920e-04
5.372705694936485976e-02
-3.604088238651648179e-01
5.371126213471167331e-04
-1.265568618205481499e-02
-3.755809448557613723e-04
7.060220892350386190e-01
1.649304545638713771e-06
2.831190302794739941e-04
6.795375721355134679e-03
-9.335651820931659822e-04
1.302416129131274136e-01
3.185679759045591643e-04
6.076684808365281833e-06
2.307378096778200938e-02
9.569782302639389228e-05
-5.839060802600293254e-02
-2.090814492087612608e-01
1.038756217151517091e-04
9.802727656703452697e-03
-6.960282763446923662e-04
2.256653960736815234e-02
-3.735256936349995449e-01
8.073795164720775578e-04
-1.067050820492598806e-02
1.099169007755430730e-04
-9.588896706039351514e-03
1.224504914290081015e-02
4.413218659333399511e-04
-1.056427564928608120e-02
2.379132342539333868e-04
-1.937403014196714679e-02
5.834539387401194155e-03
-1.229938938797417165e-04
-2.621866129329575301e-02
4.706603389659991732e-04
8.737468451648855439e-03
3.680169808435680423e-01
1.870045379160926373e-04
-1.936977742563594784e-02
2.421385819256412241e-04
-7.001046498443075361e-02
2.183435657746609637e-01
4.758515036670673713e-04
-6.565393753748066663e-03
-1.818683962131700891e-04
9.441817286760145755e-02
9.450263039764699325e-04
2.192856764589243290e-05
3.642633116213267463e-03
1.629922582593086198e-04
-2.094705258330040731e-01
7.488164687194909762e-04
4.205233021251250604e-04
-3.037100200665278082e-01
-1.493393837634940336e-05
-3.613393067543890780e-02
-3.318134131239224294e-01
1.834737991751934395e-04
1.597007260476437929e-02
1.244052918146356084e-03
-4.232729959707415279e-03
-4.100175573655857608e-01
5.606588784902677381e-04
-4.140558806403238368e-03
1.262780452227793646e-04
-1.549771048319881217e-03
-3.779281968407699477e-02
4.185925459631676532e-04
-5.295451509934001599e-02
-2.896761978538755318e-04
-1.784282424280414503e-03
3.788296295780868572e-02
-1.380109304945409984e-04
-6.301179716506521977e-02
-2.134417705539551693e-03
-6.028945755229886405e-03
2.053174756158735459e-01
1.927657357168990936e-04
4.856630150855190120e-03
2.591804844923376559e-04
-3.579689260898222258e-02
3.250776734307198046e-01
1.831320302118834720e-04
1.024862212278679352e-02
4.093924384311283839e-05
7.935914121277343192e-02
-4.593339521648454786e-05
1.006925692771390370e-04
-3.662005807181102357e-01
-1.575730657066808094e-04
9.195067601272133295e-02
2.398940603165117583e-05
3.443488130108535899e-04
-9.603295180684423560e-02
5.902806524426074206e-04
1.027101437190969246e-02
-3.205625112072833793e-03
7.441839908043218488e-02
-4.193317582397937393e-03
-2.453106378807856647e-03
2.484119144632768172e-02
1.138462603898215963e-04
5.571123706828232103e-04
1.083186018082193947e-02
-1.005152985433230839e-01
4.971253724651736317e-02
8.304554758969087680e-03
-1.052073737179286261e-02
5.602660248528001929e-02
-2.993239123557311920e-03
-1.243260031487442019e-02
8.332047751399340729e-02
-1.655326009755895785e-04
-4.108271319268230748e-02
1.523251892210471183e-04
-7.365547363387203728e-02
2.038627542513318791e-01
-1.202768230045646704e-04
1.174218340485161383e-02
6.803952431183688410e-05
7.528800340671049085e-03
3.514448439177165762e-01
1.794531322357567323e-04
6.813857511248300192e-03
1.552773997864698770e-04
-3.195031719479046739e-01
-4.864805024250595550e-05
3.455215181521668986e-04
-5.101194141144749228e-02
5.312794715231418819e-04
6.025904911050268264e-01
1.128669190299614938e-04
8.487763373960441338e-04
-1.125619205072118101e-01
4.115218318988015603e-04
1.677024315850594860e-02
3.364028848708164321e-03
-2.160325056177481162e-02
1.967158202416896540e-02
-2.014387006350398801e-02
3.881842079250585886e-02
-2.035045670149204441e-04
-4.810836787279837434e-04
2.785687786989732295e-03
-2.849270349510613087e-02
3.102645961035865874e-02
1.883176507487469009e-04
-3.400714584143677000e-03
6.282124153519019760e-02
1.901303904808426121e-03
-9.300109616599994133e-03
1.365667513172827974e-01
-1.944953260092925195e-04
-1.670216061886065084e-02
1.796767118931741087e-04
-1.801963961223833621e-01
2.468247593818577446e-03
-1.100300725141321249e-04
-3.342686800764133048e-02
-2.004300685972257821e-03
7.618362252247073974e-03
2.713355133959484133e-01
2.150335669488581398e-04
-8.785093803663857059e-02
1.635316760500813305e-04
6.708412115959938582e-02
8.965101312072472090e-04
-1.399872836343345249e-04
-4.457257996380026288e-02
9.732694946147987932e-05
-6.907928974109889264e-01
3.294811281284314337e-04
2.849706162183344134e-05
-1.258781335688149428e-01
3.996522168180111512e-04
-8.957134287031764952e-04
-1.391071059382491537e-01
1.572446108259557482e-04
-1.972211428684669254e-01
4.472205675589121035e-04
-2.451050344913825452e-01
1.533118014793255490e-02
-7.525446158474764866e-04
-5.073954833524393915e-03
3.211729723700476472e-04
-1.090868182877488546e-02
-1.263698137533497690e-01
4.540333829906760196e-04
-4.813178939349960217e-03
2.623183818355995884e-04
-7.283602868710076228e-03
1.311061161681872367e-01
-1.200981195037766807e-04
1.850572679896389516e-02
2.208168254302061550e-04
-2.681078288593272685e-01
-9.259797912353828764e-02
-3.650445763294276735e-04
-4.017824306678699497e-03
1.728500783920555424e-04
-3.313057445040409887e-02
1.437586244714161854e-01
-1.510215311654002600e-03
-1.764763927703809632e-01
2.809777697951420898e-04
8.691627373309018800e-02
-1.013075037356616606e-04
5.221131300190170847e-04
-4.195186119218707876e-02
1.151133070897758515e-03
1.719081244060094438e-01
-3.240795308609698867e-04
3.910513342839974085e-04
9.784166409343331150e-02
-1.699876214856121514e-03
8.251335890223587821e-03
-3.890825113663431978e-02
1.677939012599869535e-04
-1.967148259617417239e-01
1.071977625572890797e-04
-1.949574951440757875e-01
1.706570444841539747e-01
8.859815331283642497e-04
-3.458544360266269102e-03
1.679189815900591540e-04
-4.176982417910798939e-03
-9.040583292021286965e-02
-9.177598419608063926e-05
2.378636361264874211e-02
3.797217917265932130e-04
8.124865729897817745e-04
1.019180581067709035e-01
1.702721525527219754e-03
1.788138846975240170e-02
1.693532494382290511e-03
-1.773199731720513928e-01
-1.664279799423749040e-01
-9.955788213021523735e-04
-9.396678262247548652e-03
-2.098436919785911896e-03
1.950519119047811056e-03
3.518541168075772774e-02
-1.786842897358002650e-04
-1.835769407060148239e-01
-2.822729768501253090e-05
6.252201850194805122e-01
8.845251670943090304e-04
3.922420432515991368e-04
-6.277511897794563200e-02
5.193108449033435100e-04
3.823632798800713495e-02
-1.280793256027026145e-04
3.014800740197582252e-04
-4.596052463287869649e-03
9.287192230245579650e-04
-1.736177856031506650e-02
2.080536668924823918e-01
8.579044306469919075e-05
1.433862176834610480e-01
5.786793304633280552e-04
-1.024703336890486760e-02
1.096868465207678778e-01
8.116236785553695857e-05
-5.410074450785451461e-03
1.668746356644578051e-03
-5.753450665392095820e-03
-4.332952154331712880e-01
2.277506516431294101e-04
-9.583495468737379674e-03
8.451119246528199756e-04
3.867959552568231429e-02
-1.667645625133107323e-02
2.044414693625856119e-04
7.513803988169331927e-02
6.342291897256803045e-04
1.064856100659412608e-01
1.745822418337072968e-02
4.842780570873846113e-04
-6.547991440740252855e-03
2.751589203009163764e-04
-2.823924286337344824e-01
2.011224859343108129e-02
5.452567889187400537e-04
5.086159360252473505e-02
2.405503345985463177e-04
-3.357168424483123470e-01
4.050916386113211608e-05
5.125940759269269689e-04
1.421405713486824096e-01
4.299763049516590763e-04
