2.392373486319688602e+00
7.783180196121661232e-05
-6.373726858716253184e-04
-9.091316399116240454e-01
6.171766516297367026e-05
1.254751179971489883e+00
1.248248644056914713e+00
-1.288646525399115552e-04
-3.653372056286241509e-01
-1.051526551477797349e-05
1.436168805837846341e-01
1.346794131049729337e+00
5.079766180112984305e-04
7.445413988582014753e-01
-2.220984296720452528e-03
-7.663524348644368267e-01
5.750797291479008422e-01
-9.840759776081958385e-04
1.619448721508686795e+00
-8.738147586621171706e-04
-7.781143760171338464e-01
-7.670389842837113115e-01
-9.807869342601531655e-04
9.587045629782302569e-01
-4.347981473994805540e-04
8.415126730802630073e-02
-1.346008321732789170e+00
2.593155051513126863e-04
7.456622594824744432e-01
4.598451651565567920e-04
1.228152943050635049e+00
-6.870301761348351910e-01
-5.371126213471167331e-04
-3.760743138179452050e-01
3.755809448557613723e-04
1.080277910764961380e+00
-1.649304545638713771e-06
-2.831190302794739941e-04
-8.999453757213551341e-01
9.335651820931659822e-04
1.656058387086872585e+00
-3.185679759045591643e-04
-6.076684808365281833e-06
-9.162237809677820088e-01
-9.569782302639389228e-05
1.048505608026002900e+00
1.189927449208761256e+00
-1.038756217151517091e-04
-1.067677276567034483e-01
6.960282763446923662e-04
2.878084603926318596e-01
1.343435693634999595e+00
-8.073795164720775578e-04
5.934445082049260023e-01
-1.099169007755430730e-04
-6.210391032939606148e-01
6.725899508570991614e-01
-4.413218659333399511e-04
1.534342275649286158e+00
-2.379132342539333868e-04
-6.112539698580328196e-01
-6.906695393874011657e-01
1.229938938797417165e-04
1.549996661293295830e+00
-4.706603389659991732e-04
3.016375315483511566e-01
-1.337926980843568092e+00
-1.870045379160926373e-04
6.021437774256359621e-01
-2.421385819256412241e-04
1.060125464984430721e+00
-1.199189565774660959e+00
-4.758515036670673713e-04
-9.039960624625192898e-02
1.818683962131700891e-04
1.691881827132398541e+00
-9.450263039764699325e-04
-2.192856764589243290e-05
-8.967926331162132669e-01
-1.629922582593086198e-04
1.995770525833004072e+00
-7.488164687194909762e-04
-4.205233021251250604e-04
-5.894399799334721912e-01
1.493393837634940336e-05
7.344839306754389341e-01
1.246065413123922383e+00
-1.834737991751934395e-04
1.788299273952356216e-01
-1.244052918146356084e-03
4.765257299597074336e-01
1.043702557365585815e+00
-5.606588784902677381e-04
4.249975588064032195e-01
-1.262780452227793646e-04
-4.992302289516801217e-01
8.261778196840769972e-01
-4.185925459631676532e-04
1.446884515099339907e+00
2.896761978538755318e-04
-4.989957175757195884e-01
-8.262679629578086882e-01
1.380109304945409984e-04
1.456941797165065111e+00
2.134417705539551693e-03
4.783219457552299048e-01
-8.390024756158735997e-01
-1.927657357168990936e-04
4.160003698491447910e-01
-2.591804844923376559e-04
7.341468926089822489e-01
-1.239329673430719758e+00
-1.831320302118834720e-04
1.845513778772132074e-01
-4.093924384311283839e-05
1.706940858787226567e+00
4.593339521648454786e-05
-1.006925692771390370e-04
-5.269494192818897638e-01
1.575730657066808094e-04
1.694349323987278666e+00
-2.398940603165117583e-05
-3.443488130108535899e-04
-7.971170481931557639e-01
-5.902806524426074206e-04
-8.467030143719096458e-01
4.019562511207283584e-02
-4.084323990804321625e-01
-8.287486824176020228e-01
-3.619698936211921403e-01
-8.513401914463276654e-01
1.286715373961017789e-02
1.578188762931717615e-02
-8.537068601808219803e-01
-2.458177014566769181e-01
-9.200735372465174144e-01
3.061744524103091059e-02
8.718373737179285765e-02
-8.550396024852799925e-01
-1.185417608764426922e-01
-3.584993996851255638e-01
-9.752554775139934407e-01
1.655326009755895785e-04
1.305164713192682235e+00
-1.523251892210471183e-04
7.078654736338720888e-01
-5.013227542513318813e-01
1.202768230045646704e-04
2.471978165951483897e-01
-6.803952431183688410e-05
3.990561996593289251e-01
-1.199103843917716627e+00
-1.794531322357567323e-04
4.797511424887517251e-01
-1.552773997864698770e-04
2.105803171947904673e+00
4.864805024250595550e-05
-3.455215181521668986e-04
-8.421380585885525072e-01
-5.312794715231418819e-04
1.183709508894973172e+00
-1.128669190299614938e-04
-8.487763373960441338e-04
-7.805880794927881894e-01
-4.115218318988015603e-04
-8.659342431585059785e-01
3.071997115129183886e-02
-2.593577494382252047e-01
-8.398815820241689600e-01
-3.865871299364960212e-01
-8.582514207925058258e-01
-1.488495432985079484e-03
1.360280836787279846e-01
-8.527266877869896788e-01
-2.906322965048938611e-01
-8.957214596103586501e-01
4.325268234925125355e-02
1.462197145841436785e-01
-8.675002415351902307e-01
1.393669609519157526e-02
-2.317848903833999996e-01
-1.132051751317282751e+00
1.944953260092925195e-04
1.150937160618860755e+00
-1.796767118931741087e-04
9.763243961223833089e-01
3.629575240618142240e-02
1.100300725141321249e-04
1.304488680076413276e-01
2.004300685972257821e-03
1.072016377477529314e-01
-1.052400513395948423e+00
-2.150335669488581398e-04
8.661809380366385369e-01
-1.635316760500813305e-04
1.719215878840400613e+00
-8.965101312072472090e-04
1.399872836343345249e-04
-8.485774200361997366e-01
-9.732694946147987932e-05
2.477092897410988925e+00
-3.294811281284314337e-04
-2.849706162183344134e-05
-7.672718664311850567e-01
-3.996522168180111512e-04
-1.760492865712968147e-01
8.535791059382491497e-01
-1.572446108259557482e-04
1.267316142868466944e+00
-4.472205675589121035e-04
1.203150034491382581e+00
-3.903201801479325717e-01
7.525446158474764866e-04
-5.982104516647560044e-02
-3.211729723700476472e-04
-1.003283181712251171e-01
1.225404813753349753e+00
-4.540333829906760196e-04
1.009200178939349879e+00
-2.623183818355995884e-04
-1.039533971312899263e-01
-1.230141116168187221e+00
1.200981195037766807e-04
9.858812732010360236e-01
-2.208168254302061550e-04
1.226152828859327304e+00
4.675869791235383044e-01
3.650445763294276735e-04
-6.087717569332129486e-02
-1.728500783920555424e-04
-1.438144255495958923e-01
-8.582306244714161814e-01
1.510215311654002600e-03
1.246571392770380982e+00
-2.809777697951420898e-04
1.699383726266909811e+00
1.013075037356616606e-04
-5.221131300190170847e-04
-8.511981388078129207e-01
-1.151133070897758515e-03
1.614391875593990555e+00
3.240795308609698867e-04
-3.910513342839974085e-04
-9.909916640934333110e-01
1.699876214856121514e-03
-4.769613358902236033e-01
6.867862511366342737e-01
-1.677939012599869535e-04
1.558574825961741794e+00
-1.071977625572890797e-04
1.314919495144075690e+00
-8.818710444841539875e-01
-8.859815331283642497e-04
-2.233534556397337445e-01
-1.679189815900591540e-04
2.278698241791080048e-02
1.292990832920212885e+00
9.177598419608063926e-05
8.507526363873512132e-01
-3.797217917265932130e-04
1.779751342701021977e-02
-1.304503058106770919e+00
-1.702721525527219754e-03
8.566576115302475536e-01
-1.693532494382290511e-03
1.297281973172051295e+00
8.776419799423749168e-01
9.955788213021523735e-04
-2.174153217377524649e-01
2.098436919785911896e-03
-4.706605191190478266e-01
-6.830634116807576817e-01
1.786842897358002650e-04
1.545436940706014894e+00
2.822729768501253090e-05
1.161079814980519487e+00
-8.845251670943090304e-04
-3.922420432515991368e-04
-8.303748810220543675e-01
-5.193108449033435100e-04
1.748063672011992864e+00
1.280793256027026145e-04
-3.014800740197582252e-04
-8.885539475367121298e-01
-9.287192230245579650e-04
-7.431132214396849456e-01
3.732313331075176599e-01
-8.579044306469919075e-05
1.510238782316538853e+00
-5.786793304633280552e-04
1.292127033368904776e+00
-1.157125846520767887e+00
-8.116236785553695857e-05
-3.833199255492145685e-01
-1.668746356644578051e-03
1.542114506653921024e-01
1.739430215433171334e+00
-2.277506516431294101e-04
7.542754954687374003e-01
-8.451119246528199756e-04
1.097784044743176923e-01
-1.289458543748668973e+00
-2.044414693625856119e-04
6.695539601183067013e-01
-6.342291897256803045e-04
1.175394389934058648e+00
1.029980775816629279e+00
-4.842780570873846113e-04
-3.821820085592597671e-01
-2.751589203009163764e-04
-4.780825713662655296e-01
-6.013972485934311329e-01
-5.452567889187400537e-04
1.602763406397475165e+00
-2.405503345985463177e-04
2.122016842448312346e+00
-4.050916386113211608e-05
-5.125940759269269689e-04
-1.035290571348682409e+00
-4.299763049516590763e-04
