1.786300
0.000000
0.000000
-0.893150
0.000000
1.754978
0.288001
0.000000
-0.861828
0.000000
1.662476
0.562536
0.000000
-0.769326
0.000000
1.513120
0.810767
0.000000
-0.619971
0.000000
1.313894
1.021087
0.000000
-0.420745
0.000000
1.074113
1.183663
0.000000
-0.180963
0.000000
0.804989
1.290892
0.000000
0.088161
0.000000
0.519106
1.337760
0.000000
0.374044
0.000000
0.229832
1.322076
0.000000
0.663318
0.000000
-0.049308
1.244573
0.000000
0.942458
0.000000
-0.305261
1.108875
0.000000
1.198411
0.000000
-0.526059
0.921328
0.000000
1.419209
0.000000
-0.701378
0.690700
0.000000
1.594528
0.000000
-0.823019
0.427776
0.000000
1.716169
0.000000
-0.885296
0.144850
0.000000
1.778446
0.000000
-0.885296
-0.144850
-0.000000
1.778446
0.000000
-0.823019
-0.427776
-0.000000
1.716169
0.000000
-0.701378
-0.690700
-0.000000
1.594528
0.000000
-0.526059
-0.921328
-0.000000
1.419209
0.000000
-0.305261
-1.108875
-0.000000
1.198411
0.000000
-0.049308
-1.244573
-0.000000
0.942458
0.000000
0.229832
-1.322076
-0.000000
0.663318
0.000000
0.519106
-1.337760
-0.000000
0.374044
0.000000
0.804989
-1.290892
-0.000000
0.088161
0.000000
1.074113
-1.183663
-0.000000
-0.180963
0.000000
1.313894
-1.021087
-0.000000
-0.420745
0.000000
1.513120
-0.810767
-0.000000
-0.619971
0.000000
1.662476
-0.562536
-0.000000
-0.769326
0.000000
1.754978
-0.288001
-0.000000
-0.861828
0.000000
1.786300
-0.000000
-0.000000
-0.893150
0.000000
1.786300
0.000000
0.000000
-0.893150
0.000000
1.746638
0.306028
0.000000
-0.853488
0.000000
1.632908
0.587652
0.000000
-0.739758
0.000000
1.459244
0.825726
0.000000
-0.566094
0.000000
1.244402
1.009695
0.000000
-0.351252
0.000000
1.006547
1.137852
0.000000
-0.113398
0.000000
0.759091
1.214608
0.000000
0.134059
0.000000
0.509131
1.246041
0.000000
0.384019
0.000000
0.258945
1.235671
0.000000
0.634205
0.000000
0.009719
1.182259
0.000000
0.883431
0.000000
-0.234219
1.080569
0.000000
1.127368
0.000000
-0.462613
0.924768
0.000000
1.355762
0.000000
-0.659292
0.713013
0.000000
1.552442
0.000000
-0.805166
0.451262
0.000000
1.698316
0.000000
-0.883149
0.154606
0.000000
1.776299
0.000000
-0.883149
-0.154606
-0.000000
1.776299
0.000000
-0.805166
-0.451262
-0.000000
1.698316
0.000000
-0.659292
-0.713013
-0.000000
1.552442
0.000000
-0.462613
-0.924768
-0.000000
1.355762
0.000000
-0.234219
-1.080569
-0.000000
1.127368
0.000000
0.009719
-1.182259
-0.000000
0.883431
0.000000
0.258945
-1.235671
-0.000000
0.634205
0.000000
0.509131
-1.246041
-0.000000
0.384019
0.000000
0.759091
-1.214608
-0.000000
0.134059
0.000000
1.006547
-1.137852
-0.000000
-0.113398
0.000000
1.244402
-1.009695
-0.000000
-0.351252
0.000000
1.459244
-0.825726
-0.000000
-0.566094
0.000000
1.632908
-0.587652
-0.000000
-0.739758
0.000000
1.746638
-0.306028
-0.000000
-0.853488
0.000000
1.786300
-0.000000
-0.000000
-0.893150
0.000000
1.786300
0.000000
0.000000
-0.893150
0.000000
1.738298
0.324054
0.000000
-0.845148
0.000000
1.603339
0.612767
0.000000
-0.710189
0.000000
1.405367
0.840685
0.000000
-0.512217
0.000000
1.174910
0.998302
0.000000
-0.281760
0.000000
0.938982
1.092041
0.000000
-0.045832
0.000000
0.713193
1.138325
0.000000
0.179957
0.000000
0.499156
1.154323
0.000000
0.393994
0.000000
0.288058
1.149266
0.000000
0.605092
0.000000
0.068746
1.119945
0.000000
0.824404
0.000000
-0.163176
1.052263
0.000000
1.056326
0.000000
-0.399166
0.928208
0.000000
1.292316
0.000000
-0.617207
0.735325
0.000000
1.510356
0.000000
-0.787312
0.474749
0.000000
1.680462
0.000000
-0.881001
0.164362
0.000000
1.774151
0.000000
-0.881001
-0.164362
-0.000000
1.774151
0.000000
-0.787312
-0.474749
-0.000000
1.680462
0.000000
-0.617207
-0.735325
-0.000000
1.510356
0.000000
-0.399166
-0.928208
-0.000000
1.292316
0.000000
-0.163176
-1.052263
-0.000000
1.056326
0.000000
0.068746
-1.119945
-0.000000
0.824404
0.000000
0.288058
-1.149266
-0.000000
0.605092
0.000000
0.499156
-1.154323
-0.000000
0.393994
0.000000
0.713193
-1.138325
-0.000000
0.179957
0.000000
0.938982
-1.092041
-0.000000
-0.045832
0.000000
1.174910
-0.998302
-0.000000
-0.281760
0.000000
1.405367
-0.840685
-0.000000
-0.512217
0.000000
1.603339
-0.612767
-0.000000
-0.710189
0.000000
1.738298
-0.324054
-0.000000
-0.845148
0.000000
1.786300
-0.000000
-0.000000
-0.893150
0.000000
1.786300
0.000000
0.000000
-0.893150
0.000000
1.729958
0.342080
0.000000
-0.836808
0.000000
1.573771
0.637883
0.000000
-0.680621
0.000000
1.351490
0.855643
0.000000
-0.458340
0.000000
1.105418
0.986909
0.000000
-0.212268
0.000000
0.871416
1.046231
0.000000
0.021734
0.000000
0.667295
1.062041
0.000000
0.225855
0.000000
0.489181
1.062604
0.000000
0.403969
0.000000
0.317171
1.062862
0.000000
0.575979
0.000000
0.127773
1.057631
0.000000
0.765377
0.000000
-0.092133
1.023957
0.000000
0.985283
0.000000
-0.335719
0.931648
0.000000
1.228869
0.000000
-0.575121
0.757637
0.000000
1.468271
0.000000
-0.769458
0.498235
0.000000
1.662608
0.000000
-0.878854
0.174118
0.000000
1.772004
0.000000
-0.878854
-0.174118
-0.000000
1.772004
0.000000
-0.769458
-0.498235
-0.000000
1.662608
0.000000
-0.575121
-0.757637
-0.000000
1.468271
0.000000
-0.335719
-0.931648
-0.000000
1.228869
0.000000
-0.092133
-1.023957
-0.000000
0.985283
0.000000
0.127773
-1.057631
-0.000000
0.765377
0.000000
0.317171
-1.062862
-0.000000
0.575979
0.000000
0.489181
-1.062604
-0.000000
0.403969
0.000000
0.667295
-1.062041
-0.000000
0.225855
0.000000
0.871416
-1.046231
-0.000000
0.021734
0.000000
1.105418
-0.986909
-0.000000
-0.212268
0.000000
1.351490
-0.855643
-0.000000
-0.458340
0.000000
1.573771
-0.637883
-0.000000
-0.680621
0.000000
1.729958
-0.342080
-0.000000
-0.836808
0.000000
1.786300
-0.000000
-0.000000
-0.893150
0.000000
1.786300
0.000000
0.000000
-0.893150
0.000000
1.721618
0.360107
0.000000
-0.828468
0.000000
1.544202
0.662999
0.000000
-0.651052
0.000000
1.297613
0.870602
0.000000
-0.404463
0.000000
1.035926
0.975517
0.000000
-0.142776
0.000000
0.803850
1.000420
0.000000
0.089300
0.000000
0.621396
0.985758
0.000000
0.271753
0.000000
0.479206
0.970886
0.000000
0.413944
0.000000
0.346284
0.976457
0.000000
0.546866
0.000000
0.186800
0.995317
0.000000
0.706350
0.000000
-0.021090
0.995651
0.000000
0.914240
0.000000
-0.272273
0.935088
0.000000
1.165422
0.000000
-0.533035
0.779950
0.000000
1.426185
0.000000
-0.751605
0.521721
0.000000
1.644754
0.000000
-0.876706
0.183874
0.000000
1.769856
0.000000
-0.876706
-0.183874
-0.000000
1.769856
0.000000
-0.751605
-0.521721
-0.000000
1.644754
0.000000
-0.533035
-0.779950
-0.000000
1.426185
0.000000
-0.272273
-0.935088
-0.000000
1.165422
0.000000
-0.021090
-0.995651
-0.000000
0.914240
0.000000
0.186800
-0.995317
-0.000000
0.706350
0.000000
0.346284
-0.976457
-0.000000
0.546866
0.000000
0.479206
-0.970886
-0.000000
0.413944
0.000000
0.621396
-0.985758
-0.000000
0.271753
0.000000
0.803850
-1.000420
-0.000000
0.089300
0.000000
1.035926
-0.975517
-0.000000
-0.142776
0.000000
1.297613
-0.870602
-0.000000
-0.404463
0.000000
1.544202
-0.662999
-0.000000
-0.651052
0.000000
1.721618
-0.360107
-0.000000
-0.828468
0.000000
1.786300
-0.000000
-0.000000
-0.893150
0.000000
1.786300
0.000000
0.000000
-0.893150
0.000000
1.713278
0.378133
0.000000
-0.820128
0.000000
1.514634
0.688114
0.000000
-0.621484
0.000000
1.243736
0.885561
0.000000
-0.350586
0.000000
0.966434
0.964124
0.000000
-0.073284
0.000000
0.736284
0.954609
0.000000
0.156866
0.000000
0.575498
0.909475
0.000000
0.317652
0.000000
0.469231
0.879168
0.000000
0.423919
0.000000
0.375397
0.890052
0.000000
0.517752
0.000000
0.245827
0.933003
0.000000
0.647323
0.000000
0.049952
0.967345
0.000000
0.843197
0.000000
-0.208826
0.938528
0.000000
1.101976
0.000000
-0.490950
0.802262
0.000000
1.384099
0.000000
-0.733751
0.545207
0.000000
1.626901
0.000000
-0.874559
0.193630
0.000000
1.767709
0.000000
-0.874559
-0.193630
-0.000000
1.767709
0.000000
-0.733751
-0.545207
-0.000000
1.626901
0.000000
-0.490950
-0.802262
-0.000000
1.384099
0.000000
-0.208826
-0.938528
-0.000000
1.101976
0.000000
0.049952
-0.967345
-0.000000
0.843197
0.000000
0.245827
-0.933003
-0.000000
0.647323
0.000000
0.375397
-0.890052
-0.000000
0.517752
0.000000
0.469231
-0.879168
-0.000000
0.423919
0.000000
0.575498
-0.909475
-0.000000
0.317652
0.000000
0.736284
-0.954609
-0.000000
0.156866
0.000000
0.966434
-0.964124
-0.000000
-0.073284
0.000000
1.243736
-0.885561
-0.000000
-0.350586
0.000000
1.514634
-0.688114
-0.000000
-0.621484
0.000000
1.713278
-0.378133
-0.000000
-0.820128
0.000000
1.786300
-0.000000
-0.000000
-0.893150
0.000000
1.786300
0.000000
0.000000
-0.893150
0.000000
1.704938
0.396160
0.000000
-0.811788
0.000000
1.485065
0.713230
0.000000
-0.591915
0.000000
1.189859
0.900520
0.000000
-0.296710
0.000000
0.896941
0.952731
0.000000
-0.003792
0.000000
0.668718
0.908798
0.000000
0.224432
0.000000
0.529600
0.833191
0.000000
0.363550
0.000000
0.459256
0.787449
0.000000
0.433894
0.000000
0.404511
0.803647
0.000000
0.488639
0.000000
0.304854
0.870688
0.000000
0.588296
0.000000
0.120995
0.939039
0.000000
0.772155
0.000000
-0.145379
0.941968
0.000000
1.038529
0.000000
-0.448864
0.824575
0.000000
1.342014
0.000000
-0.715897
0.568693
0.000000
1.609047
0.000000
-0.872411
0.203386
0.000000
1.765561
0.000000
-0.872411
-0.203386
-0.000000
1.765561
0.000000
-0.715897
-0.568693
-0.000000
1.609047
0.000000
-0.448864
-0.824575
-0.000000
1.342014
0.000000
-0.145379
-0.941968
-0.000000
1.038529
0.000000
0.120995
-0.939039
-0.000000
0.772155
0.000000
0.304854
-0.870688
-0.000000
0.588296
0.000000
0.404511
-0.803647
-0.000000
0.488639
0.000000
0.459256
-0.787449
-0.000000
0.433894
0.000000
0.529600
-0.833191
-0.000000
0.363550
0.000000
0.668718
-0.908798
-0.000000
0.224432
0.000000
0.896941
-0.952731
-0.000000
-0.003792
0.000000
1.189859
-0.900520
-0.000000
-0.296710
0.000000
1.485065
-0.713230
-0.000000
-0.591915
0.000000
1.704938
-0.396160
-0.000000
-0.811788
0.000000
1.786300
-0.000000
-0.000000
-0.893150
0.000000
1.786300
0.000000
0.000000
-0.893150
0.000000
1.696598
0.414186
0.000000
-0.803448
0.000000
1.455497
0.738346
0.000000
-0.562347
0.000000
1.135982
0.915479
0.000000
-0.242833
0.000000
0.827449
0.941339
0.000000
0.065700
0.000000
0.601152
0.862987
0.000000
0.291997
0.000000
0.483702
0.756908
0.000000
0.409448
0.000000
0.449281
0.695731
0.000000
0.443869
0.000000
0.433624
0.717242
0.000000
0.459526
0.000000
0.363881
0.808374
0.000000
0.529269
0.000000
0.192038
0.910733
0.000000
0.701112
0.000000
-0.081932
0.945408
0.000000
0.975082
0.000000
-0.406778
0.846887
0.000000
1.299928
0.000000
-0.698043
0.592179
0.000000
1.591193
0.000000
-0.870264
0.213142
0.000000
1.763414
0.000000
-0.870264
-0.213142
-0.000000
1.763414
0.000000
-0.698043
-0.592179
-0.000000
1.591193
0.000000
-0.406778
-0.846887
-0.000000
1.299928
0.000000
-0.081932
-0.945408
-0.000000
0.975082
0.000000
0.192038
-0.910733
-0.000000
0.701112
0.000000
0.363881
-0.808374
-0.000000
0.529269
0.000000
0.433624
-0.717242
-0.000000
0.459526
0.000000
0.449281
-0.695731
-0.000000
0.443869
0.000000
0.483702
-0.756908
-0.000000
0.409448
0.000000
0.601152
-0.862987
-0.000000
0.291997
0.000000
0.827449
-0.941339
-0.000000
0.065700
0.000000
1.135982
-0.915479
-0.000000
-0.242833
0.000000
1.455497
-0.738346
-0.000000
-0.562347
0.000000
1.696598
-0.414186
-0.000000
-0.803448
0.000000
1.786300
-0.000000
-0.000000
-0.893150
0.000000
1.786300
0.000000
0.000000
-0.893150
0.000000
1.688258
0.432212
0.000000
-0.795109
0.000000
1.425928
0.763462
0.000000
-0.532778
0.000000
1.082106
0.930438
0.000000
-0.188956
0.000000
0.757957
0.929946
0.000000
0.135193
0.000000
0.533587
0.817177
0.000000
0.359563
0.000000
0.281710
0.600801
-0.408968
0.297195
-0.598742
0.283036
0.533174
-0.299269
0.295869
-0.610589
0.303719
0.556853
-0.200376
0.275186
-0.598426
0.268561
0.658563
-0.118080
0.310344
-0.567847
0.127478
0.778937
-0.055992
0.451427
-0.525858
-0.121066
0.837567
-0.015230
0.699971
-0.480094
-0.426670
0.767260
0.005644
1.005575
-0.437986
-0.705166
0.543461
0.010400
1.284071
-0.405948
-0.871052
0.196757
0.004677
1.449958
-0.388686
-0.871052
-0.196757
-0.004677
1.449958
-0.388686
-0.705166
-0.543461
-0.010400
1.284071
-0.405948
-0.426670
-0.767260
-0.005644
1.005575
-0.437986
-0.121066
-0.837567
0.015230
0.699971
-0.480094
0.127478
-0.778937
0.055992
0.451427
-0.525858
0.268561
-0.658563
0.118080
0.310344
-0.567847
0.303719
-0.556853
0.200376
0.275186
-0.598426
0.283036
-0.533174
0.299269
0.295869
-0.610589
0.281710
-0.600801
0.408968
0.297195
-0.598742
0.533587
-0.817177
-0.000000
0.359563
0.000000
0.757957
-0.929946
-0.000000
0.135193
0.000000
1.082106
-0.930438
-0.000000
-0.188956
0.000000
1.425928
-0.763462
-0.000000
-0.532778
0.000000
1.688258
-0.432212
-0.000000
-0.795109
0.000000
1.786300
-0.000000
-0.000000
-0.893150
0.000000
1.786300
0.000000
0.000000
-0.893150
0.000000
1.679919
0.450239
0.000000
-0.786769
0.000000
1.396360
0.788577
0.000000
-0.503210
0.000000
1.028229
0.945396
0.000000
-0.135079
0.000000
0.688465
0.918553
0.000000
0.204685
0.000000
0.466021
0.771366
0.000000
0.427129
0.000000
-0.118120
0.364484
-0.569152
-0.052177
-0.925076
-0.095548
0.308969
-0.392982
-0.074749
-0.931819
-0.057843
0.328353
-0.236691
-0.112454
-0.898810
-0.063822
0.412374
-0.110035
-0.106475
-0.835763
-0.152969
0.515129
-0.019028
-0.017328
-0.754786
-0.327366
0.574334
0.034600
0.157069
-0.669050
-0.549050
0.537680
0.053495
0.378753
-0.591351
-0.753944
0.385479
0.044302
0.583647
-0.532731
-0.876757
0.140316
0.016873
0.706460
-0.501282
-0.876757
-0.140316
-0.016873
0.706460
-0.501282
-0.753944
-0.385479
-0.044302
0.583647
-0.532731
-0.549050
-0.537680
-0.053495
0.378753
-0.591351
-0.327366
-0.574334
-0.034600
0.157069
-0.669050
-0.152969
-0.515129
0.019028
-0.017328
-0.754786
-0.063822
-0.412374
0.110035
-0.106475
-0.835763
-0.057843
-0.328353
0.236691
-0.112454
-0.898810
-0.095548
-0.308969
0.392982
-0.074749
-0.931819
-0.118120
-0.364484
0.569152
-0.052177
-0.925076
0.466021
-0.771366
-0.000000
0.427129
0.000000
0.688465
-0.918553
-0.000000
0.204685
0.000000
1.028229
-0.945396
-0.000000
-0.135079
0.000000
1.396360
-0.788577
-0.000000
-0.503210
0.000000
1.679919
-0.450239
-0.000000
-0.786769
0.000000
1.786300
-0.000000
-0.000000
-0.893150
0.000000
1.786300
0.000000
0.000000
-0.893150
0.000000
1.671579
0.468265
0.000000
-0.778429
0.000000
1.366791
0.813693
0.000000
-0.473641
0.000000
0.974352
0.960355
0.000000
-0.081202
0.000000
0.618973
0.907161
0.000000
0.274177
0.000000
0.398455
0.725555
0.000000
0.494695
0.000000
-0.507955
0.164148
-0.488555
-0.445432
-0.888986
-0.485155
0.130737
-0.313036
-0.468233
-0.884703
-0.453570
0.142379
-0.159586
-0.499817
-0.839745
-0.447353
0.193173
-0.038332
-0.506034
-0.764445
-0.489566
0.256706
0.044544
-0.463822
-0.671635
-0.581814
0.297090
0.087373
-0.371574
-0.575250
-0.702713
0.284064
0.093094
-0.250674
-0.488815
-0.815851
0.205982
0.068860
-0.137536
-0.423990
-0.884033
0.075354
0.025196
-0.069354
-0.389320
-0.884033
-0.075354
-0.025196
-0.069354
-0.389320
-0.815851
-0.205982
-0.068860
-0.137536
-0.423990
-0.702713
-0.284064
-0.093094
-0.250674
-0.488815
-0.581814
-0.297090
-0.087373
-0.371574
-0.575250
-0.489566
-0.256706
-0.044544
-0.463822
-0.671635
-0.447353
-0.193173
0.038332
-0.506034
-0.764445
-0.453570
-0.142379
0.159586
-0.499817
-0.839745
-0.485155
-0.130737
0.313036
-0.468233
-0.884703
-0.507955
-0.164148
0.488555
-0.445432
-0.888986
0.398455
-0.725555
-0.000000
0.494695
0.000000
0.618973
-0.907161
-0.000000
0.274177
0.000000
0.974352
-0.960355
-0.000000
-0.081202
0.000000
1.366791
-0.813693
-0.000000
-0.473641
0.000000
1.671579
-0.468265
-0.000000
-0.778429
0.000000
1.786300
-0.000000
-0.000000
-0.893150
0.000000
1.786300
0.000000
0.000000
-0.893150
0.000000
1.663239
0.486292
0.000000
-0.770089
0.000000
1.337222
0.838809
0.000000
-0.444073
0.000000
0.920475
0.975314
0.000000
-0.027325
0.000000
0.549481
0.895768
0.000000
0.343669
0.000000
0.330889
0.679744
0.000000
0.562261
0.000000
-0.758412
0.051012
-0.299969
-0.725335
-0.617354
-0.746073
0.037133
-0.173893
-0.737674
-0.607134
-0.730187
0.041962
-0.065137
-0.753560
-0.567003
-0.724551
0.063133
0.018758
-0.759196
-0.504808
-0.738527
0.090052
0.073227
-0.745220
-0.430265
-0.772894
0.108305
0.097108
-0.710853
-0.353911
-0.819222
0.105705
0.092710
-0.664525
-0.285964
-0.863055
0.077474
0.065514
-0.620692
-0.235230
-0.889596
0.028474
0.023543
-0.594151
-0.208160
-0.889596
-0.028474
-0.023543
-0.594151
-0.208160
-0.863055
-0.077474
-0.065514
-0.620692
-0.235230
-0.819222
-0.105705
-0.092710
-0.664525
-0.285964
-0.772894
-0.108305
-0.097108
-0.710853
-0.353911
-0.738527
-0.090052
-0.073227
-0.745220
-0.430265
-0.724551
-0.063133
-0.018758
-0.759196
-0.504808
-0.730187
-0.041962
0.065137
-0.753560
-0.567003
-0.746073
-0.037133
0.173893
-0.737674
-0.607134
-0.758412
-0.051012
0.299969
-0.725335
-0.617354
0.330889
-0.679744
-0.000000
0.562261
0.000000
0.549481
-0.895768
-0.000000
0.343669
0.000000
0.920475
-0.975314
-0.000000
-0.027325
0.000000
1.337222
-0.838809
-0.000000
-0.444073
0.000000
1.663239
-0.486292
-0.000000
-0.770089
0.000000
1.786300
-0.000000
-0.000000
-0.893150
0.000000
1.786300
0.000000
0.000000
-0.893150
0.000000
1.654899
0.504318
0.000000
-0.761749
0.000000
1.307654
0.863924
0.000000
-0.414504
0.000000
0.866598
0.990273
0.000000
0.026552
0.000000
0.479989
0.884375
0.000000
0.413161
0.000000
0.263323
0.633934
0.000000
0.629827
0.000000
-0.865609
0.009013
-0.128578
-0.856374
-0.303143
-0.862124
0.005692
-0.064675
-0.859859
-0.294674
-0.857808
0.006846
-0.010229
-0.864175
-0.270726
-0.855892
0.011925
0.030819
-0.866091
-0.235469
-0.858575
0.018464
0.056097
-0.863408
-0.194060
-0.866063
0.023106
0.065033
-0.855920
-0.152082
-0.876424
0.023006
0.058887
-0.845559
-0.114945
-0.886324
0.017033
0.040596
-0.835659
-0.087311
-0.892343
0.006287
0.014439
-0.829640
-0.072593
-0.892343
-0.006287
-0.014439
-0.829640
-0.072593
-0.886324
-0.017033
-0.040596
-0.835659
-0.087311
-0.876424
-0.023006
-0.058887
-0.845559
-0.114945
-0.866063
-0.023106
-0.065033
-0.855920
-0.152082
-0.858575
-0.018464
-0.056097
-0.863408
-0.194060
-0.855892
-0.011925
-0.030819
-0.866091
-0.235469
-0.857808
-0.006846
0.010229
-0.864175
-0.270726
-0.862124
-0.005692
0.064675
-0.859859
-0.294674
-0.865609
-0.009013
0.128578
-0.856374
-0.303143
0.263323
-0.633934
-0.000000
0.629827
0.000000
0.479989
-0.884375
-0.000000
0.413161
0.000000
0.866598
-0.990273
-0.000000
0.026552
0.000000
1.307654
-0.863924
-0.000000
-0.414504
0.000000
1.654899
-0.504318
-0.000000
-0.761749
0.000000
1.786300
-0.000000
-0.000000
-0.893150
0.000000
1.786300
0.000000
0.000000
-0.893150
0.000000
1.646559
0.522344
0.000000
-0.753409
0.000000
1.278085
0.889040
0.000000
-0.384936
0.000000
0.812721
1.005232
0.000000
0.080428
0.000000
0.410496
0.872983
0.000000
0.482653
0.000000
0.195757
0.588123
0.000000
0.697393
0.000000
-0.891442
0.000464
-0.028810
-0.890704
-0.079097
-0.891162
0.000225
-0.011632
-0.890984
-0.076013
-0.890822
0.000308
0.002839
-0.891324
-0.068691
-0.890652
0.000674
0.013512
-0.891494
-0.058297
-0.890807
0.001149
0.019736
-0.891339
-0.046276
-0.891302
0.001498
0.021360
-0.890844
-0.034188
-0.892004
0.001520
0.018748
-0.890142
-0.023543
-0.892681
0.001136
0.012726
-0.889465
-0.015644
-0.893094
0.000421
0.004496
-0.889052
-0.011442
-0.893094
-0.000421
-0.004496
-0.889052
-0.011442
-0.892681
-0.001136
-0.012726
-0.889465
-0.015644
-0.892004
-0.001520
-0.018748
-0.890142
-0.023543
-0.891302
-0.001498
-0.021360
-0.890844
-0.034188
-0.890807
-0.001149
-0.019736
-0.891339
-0.046276
-0.890652
-0.000674
-0.013512
-0.891494
-0.058297
-0.890822
-0.000308
-0.002839
-0.891324
-0.068691
-0.891162
-0.000225
0.011632
-0.890984
-0.076013
-0.891442
-0.000464
0.028810
-0.890704
-0.079097
0.195757
-0.588123
-0.000000
0.697393
0.000000
0.410496
-0.872983
-0.000000
0.482653
0.000000
0.812721
-1.005232
-0.000000
0.080428
0.000000
1.278085
-0.889040
-0.000000
-0.384936
0.000000
1.646559
-0.522344
-0.000000
-0.753409
0.000000
1.786300
-0.000000
-0.000000
-0.893150
0.000000
1.786300
0.000000
0.000000
-0.893150
0.000000
1.638219
0.540371
0.000000
-0.745069
0.000000
1.248517
0.914156
0.000000
-0.355367
0.000000
0.758845
1.020191
0.000000
0.134305
0.000000
0.341004
0.861590
0.000000
0.552146
0.000000
0.128191
0.542312
0.000000
0.764958
0.000000
-0.893150
0.000000
-0.000000
-0.893150
-0.000000
-0.893150
0.000000
-0.000000
-0.893150
-0.000000
-0.893150
0.000000
0.000000
-0.893150
-0.000000
-0.893150
0.000000
0.000000
-0.893150
-0.000000
-0.893150
0.000000
0.000000
-0.893150
-0.000000
-0.893150
0.000000
0.000000
-0.893150
-0.000000
-0.893150
0.000000
0.000000
-0.893150
-0.000000
-0.893150
0.000000
0.000000
-0.893150
-0.000000
-0.893150
0.000000
0.000000
-0.893150
-0.000000
-0.893150
-0.000000
-0.000000
-0.893150
-0.000000
-0.893150
-0.000000
-0.000000
-0.893150
-0.000000
-0.893150
-0.000000
-0.000000
-0.893150
-0.000000
-0.893150
-0.000000
-0.000000
-0.893150
-0.000000
-0.893150
-0.000000
-0.000000
-0.893150
-0.000000
-0.893150
-0.000000
-0.000000
-0.893150
-0.000000
-0.893150
-0.000000
-0.000000
-0.893150
-0.000000
-0.893150
-0.000000
0.000000
-0.893150
-0.000000
-0.893150
-0.000000
0.000000
-0.893150
-0.000000
0.128191
-0.542312
-0.000000
0.764958
0.000000
0.341004
-0.861590
-0.000000
0.552146
0.000000
0.758845
-1.020191
-0.000000
0.134305
0.000000
1.248517
-0.914156
-0.000000
-0.355367
0.000000
1.638219
-0.540371
-0.000000
-0.745069
0.000000
1.786300
-0.000000
-0.000000
-0.893150
0.000000
1.786300
0.000000
0.000000
-0.893150
0.000000
1.629879
0.558397
0.000000
-0.736729
0.000000
1.218948
0.939272
0.000000
-0.325799
0.000000
0.704968
1.035149
0.000000
0.188182
0.000000
0.271512
0.850197
0.000000
0.621638
0.000000
0.060626
0.496501
0.000000
0.832524
0.000000
-0.891585
0.000227
-0.020332
-0.890561
-0.081451
-0.891192
-0.000059
-0.001647
-0.890953
-0.076555
-0.890732
0.000040
0.013775
-0.891414
-0.066898
-0.890469
0.000480
0.024692
-0.891677
-0.053843
-0.890586
0.001061
0.030368
-0.891559
-0.039067
-0.891105
0.001508
0.030650
-0.891040
-0.024381
-0.891874
0.001590
0.025971
-0.890272
-0.011538
-0.892626
0.001209
0.017307
-0.889520
-0.002046
-0.893088
0.000451
0.006066
-0.889058
0.002991
-0.893088
-0.000451
-0.006066
-0.889058
0.002991
-0.892626
-0.001209
-0.017307
-0.889520
-0.002046
-0.891874
-0.001590
-0.025971
-0.890272
-0.011538
-0.891105
-0.001508
-0.030650
-0.891040
-0.024381
-0.890586
-0.001061
-0.030368
-0.891559
-0.039067
-0.890469
-0.000480
-0.024692
-0.891677
-0.053843
-0.890732
-0.000040
-0.013775
-0.891414
-0.066898
-0.891192
0.000059
0.001647
-0.890953
-0.076555
-0.891585
-0.000227
0.020332
-0.890561
-0.081451
0.060626
-0.496501
-0.000000
0.832524
0.000000
0.271512
-0.850197
-0.000000
0.621638
0.000000
0.704968
-1.035149
-0.000000
0.188182
0.000000
1.218948
-0.939272
-0.000000
-0.325799
0.000000
1.629879
-0.558397
-0.000000
-0.736729
0.000000
1.786300
-0.000000
-0.000000
-0.893150
0.000000
1.786300
0.000000
0.000000
-0.893150
0.000000
1.621539
0.576424
0.000000
-0.728389
0.000000
1.189380
0.964387
0.000000
-0.296230
0.000000
0.651091
1.050108
0.000000
0.242059
0.000000
0.202020
0.838805
0.000000
0.691130
0.000000
-0.006940
0.450690
0.000000
0.900090
0.000000
-0.870016
0.001689
-0.062607
-0.851967
-0.321460
-0.863081
-0.003114
0.013014
-0.858902
-0.298886
-0.855013
-0.001450
0.074863
-0.866970
-0.256776
-0.850225
0.005942
0.117810
-0.871758
-0.200809
-0.851754
0.015746
0.138830
-0.870229
-0.137966
-0.859971
0.023436
0.137310
-0.862012
-0.075779
-0.872383
0.025149
0.115088
-0.849600
-0.021538
-0.884610
0.019288
0.076245
-0.837374
0.018490
-0.892137
0.007224
0.026653
-0.829847
0.039715
-0.892137
-0.007224
-0.026653
-0.829847
0.039715
-0.884610
-0.019288
-0.076245
-0.837374
0.018490
-0.872383
-0.025149
-0.115088
-0.849600
-0.021538
-0.859971
-0.023436
-0.137310
-0.862012
-0.075779
-0.851754
-0.015746
-0.138830
-0.870229
-0.137966
-0.850225
-0.005942
-0.117810
-0.871758
-0.200809
-0.855013
0.001450
-0.074863
-0.866970
-0.256776
-0.863081
0.003114
-0.013014
-0.858902
-0.298886
-0.870016
-0.001689
0.062607
-0.851967
-0.321460
-0.006940
-0.450690
-0.000000
0.900090
0.000000
0.202020
-0.838805
-0.000000
0.691130
0.000000
0.651091
-1.050108
-0.000000
0.242059
0.000000
1.189380
-0.964387
-0.000000
-0.296230
0.000000
1.621539
-0.576424
-0.000000
-0.728389
0.000000
1.786300
-0.000000
-0.000000
-0.893150
0.000000
1.786300
0.000000
0.000000
-0.893150
0.000000
1.613199
0.594450
0.000000
-0.720049
0.000000
1.159811
0.989503
0.000000
-0.266662
0.000000
0.597214
1.065067
0.000000
0.295936
0.000000
0.132528
0.827412
0.000000
0.760622
0.000000
-0.074506
0.404880
0.000000
0.967656
0.000000
-0.789508
-0.000669
-0.095352
-0.694239
-0.674166
-0.752831
-0.025006
0.067070
-0.730916
-0.620199
-0.710462
-0.016577
0.198786
-0.773285
-0.523735
-0.684560
0.020916
0.288569
-0.799187
-0.397305
-0.690396
0.070874
0.329834
-0.793351
-0.256281
-0.729909
0.110636
0.321286
-0.753838
-0.117249
-0.790709
0.120821
0.267026
-0.693038
0.003751
-0.850959
0.093386
0.176083
-0.632788
0.092925
-0.888141
0.035083
0.061427
-0.595606
0.140176
-0.888141
-0.035083
-0.061427
-0.595606
0.140176
-0.850959
-0.093386
-0.176083
-0.632788
0.092925
-0.790709
-0.120821
-0.267026
-0.693038
0.003751
-0.729909
-0.110636
-0.321286
-0.753838
-0.117249
-0.690396
-0.070874
-0.329834
-0.793351
-0.256281
-0.684560
-0.020916
-0.288569
-0.799187
-0.397305
-0.710462
0.016577
-0.198786
-0.773285
-0.523735
-0.752831
0.025006
-0.067070
-0.730916
-0.620199
-0.789508
0.000669
0.095352
-0.694239
-0.674166
-0.074506
-0.404880
-0.000000
0.967656
0.000000
0.132528
-0.827412
-0.000000
0.760622
0.000000
0.597214
-1.065067
-0.000000
0.295936
0.000000
1.159811
-0.989503
-0.000000
-0.266662
0.000000
1.613199
-0.594450
-0.000000
-0.720049
0.000000
1.786300
-0.000000
-0.000000
-0.893150
0.000000
1.786300
0.000000
0.000000
-0.893150
0.000000
1.604859
0.612476
0.000000
-0.711710
0.000000
1.130243
1.014619
0.000000
-0.237093
0.000000
0.543337
1.080026
0.000000
0.349813
0.000000
0.063036
0.816020
0.000000
0.830114
0.000000
-0.142072
0.359069
0.000000
1.035222
0.000000
-0.622096
-0.025555
-0.089571
-0.331291
-0.999763
-0.509961
-0.097350
0.156817
-0.443427
-0.910177
-0.381171
-0.072494
0.355036
-0.572216
-0.755377
-0.300564
0.038210
0.487774
-0.652824
-0.554825
-0.312895
0.186315
0.544901
-0.640492
-0.332385
-0.424033
0.305645
0.524496
-0.529354
-0.113785
-0.598054
0.339551
0.432992
-0.355334
0.076101
-0.771452
0.264388
0.284457
-0.181935
0.215879
-0.878693
0.099615
0.099065
-0.074695
0.289899
-0.878693
-0.099615
-0.099065
-0.074695
0.289899
-0.771452
-0.264388
-0.284457
-0.181935
0.215879
-0.598054
-0.339551
-0.432992
-0.355334
0.076101
-0.424033
-0.305645
-0.524496
-0.529354
-0.113785
-0.312895
-0.186315
-0.544901
-0.640492
-0.332385
-0.300564
-0.038210
-0.487774
-0.652824
-0.554825
-0.381171
0.072494
-0.355036
-0.572216
-0.755377
-0.509961
0.097350
-0.156817
-0.443427
-0.910177
-0.622096
0.025555
0.089571
-0.331291
-0.999763
-0.142072
-0.359069
-0.000000
1.035222
0.000000
0.063036
-0.816020
-0.000000
0.830114
0.000000
0.543337
-1.080026
-0.000000
0.349813
0.000000
1.130243
-1.014619
-0.000000
-0.237093
0.000000
1.604859
-0.612476
-0.000000
-0.711710
0.000000
1.786300
-0.000000
-0.000000
-0.893150
0.000000
1.786300
0.000000
0.000000
-0.893150
0.000000
1.596519
0.630503
0.000000
-0.703370
0.000000
1.100674
1.039735
0.000000
-0.207525
0.000000
0.489460
1.094985
0.000000
0.403690
0.000000
-0.006456
0.804627
0.000000
0.899606
0.000000
-0.209638
0.313258
0.000000
1.102788
0.000000
-0.394937
-0.095589
-0.041964
0.224640
-1.071449
-0.155708
-0.244194
0.227848
-0.014588
-0.965479
0.117742
-0.192763
0.443294
-0.288039
-0.787332
0.292176
0.036552
0.585122
-0.462473
-0.558787
0.275497
0.344413
0.642108
-0.445793
-0.306525
0.055287
0.595081
0.612183
-0.225584
-0.059303
-0.295227
0.672248
0.502611
0.124930
0.155087
-0.646266
0.527126
0.329176
0.475969
0.312745
-0.863805
0.199156
0.114479
0.693508
0.396188
-0.863805
-0.199156
-0.114479
0.693508
0.396188
-0.646266
-0.527126
-0.329176
0.475969
0.312745
-0.295227
-0.672248
-0.502611
0.124930
0.155087
0.055287
-0.595081
-0.612183
-0.225584
-0.059303
0.275497
-0.344413
-0.642108
-0.445793
-0.306525
0.292176
-0.036552
-0.585122
-0.462473
-0.558787
0.117742
0.192763
-0.443294
-0.288039
-0.787332
-0.155708
0.244194
-0.227848
-0.014588
-0.965479
-0.394937
0.095589
0.041964
0.224640
-1.071449
-0.209638
-0.313258
-0.000000
1.102788
0.000000
-0.006456
-0.804627
-0.000000
0.899606
0.000000
0.489460
-1.094985
-0.000000
0.403690
0.000000
1.100674
-1.039735
-0.000000
-0.207525
0.000000
1.596519
-0.630503
-0.000000
-0.703370
0.000000
1.786300
-0.000000
-0.000000
-0.893150
0.000000
1.786300
0.000000
0.000000
-0.893150
0.000000
1.588180
0.648529
0.000000
-0.695030
0.000000
1.071106
1.064850
0.000000
-0.177956
0.000000
0.435583
1.109944
0.000000
0.457566
0.000000
-0.075949
0.793234
0.000000
0.969098
0.000000
-0.277204
0.267447
0.000000
1.170353
0.000000
-0.204474
-0.207242
0.007073
0.783379
-0.714256
0.177375
-0.438367
0.190670
0.401530
-0.637153
0.612104
-0.358402
0.336247
-0.033199
-0.510451
0.893814
-0.001508
0.430517
-0.314909
-0.349266
0.880009
0.479101
0.465756
-0.301103
-0.172104
0.551002
0.874006
0.440582
0.027903
0.001100
0.019129
1.003608
0.360074
0.559777
0.151080
-0.516047
0.792241
0.235214
1.094952
0.261276
-0.848305
0.300100
0.081705
1.427210
0.319571
-0.848305
-0.300100
-0.081705
1.427210
0.319571
-0.516047
-0.792241
-0.235214
1.094952
0.261276
0.019129
-1.003608
-0.360074
0.559777
0.151080
0.551002
-0.874006
-0.440582
0.027903
0.001100
0.880009
-0.479101
-0.465756
-0.301103
-0.172104
0.893814
0.001508
-0.430517
-0.314909
-0.349266
0.612104
0.358402
-0.336247
-0.033199
-0.510451
0.177375
0.438367
-0.190670
0.401530
-0.637153
-0.204474
0.207242
-0.007073
0.783379
-0.714256
-0.277204
-0.267447
-0.000000
1.170353
0.000000
-0.075949
-0.793234
-0.000000
0.969098
0.000000
0.435583
-1.109944
-0.000000
0.457566
0.000000
1.071106
-1.064850
-0.000000
-0.177956
0.000000
1.588180
-0.648529
-0.000000
-0.695030
0.000000
1.786300
-0.000000
-0.000000
-0.893150
0.000000
1.786300
0.000000
0.000000
-0.893150
0.000000
1.579840
0.666556
0.000000
-0.686690
0.000000
1.041537
1.089966
0.000000
-0.148388
0.000000
0.381707
1.124902
0.000000
0.511443
0.000000
-0.145441
0.781842
0.000000
1.038591
0.000000
-0.344770
0.221637
0.000000
1.237919
0.000000
-0.158873
-0.311060
0.000000
1.052023
-0.000000
0.309631
-0.588328
0.000000
0.583518
-0.000000
0.841208
-0.492425
0.000000
0.051942
-0.000000
1.190260
-0.064023
0.000000
-0.297110
-0.000000
1.186636
0.514449
0.000000
-0.293486
-0.000000
0.806321
0.993568
0.000000
0.086829
0.000000
0.182421
1.159261
0.000000
0.710729
0.000000
-0.448091
0.920986
0.000000
1.341241
0.000000
-0.840199
0.349727
0.000000
1.733349
0.000000
-0.840199
-0.349727
-0.000000
1.733349
0.000000
-0.448091
-0.920986
-0.000000
1.341241
0.000000
0.182421
-1.159261
-0.000000
0.710729
0.000000
0.806321
-0.993568
-0.000000
0.086829
0.000000
1.186636
-0.514449
-0.000000
-0.293486
-0.000000
1.190260
0.064023
-0.000000
-0.297110
-0.000000
0.841208
0.492425
-0.000000
0.051942
-0.000000
0.309631
0.588328
-0.000000
0.583518
-0.000000
-0.158873
0.311060
-0.000000
1.052023
-0.000000
-0.344770
-0.221637
-0.000000
1.237919
0.000000
-0.145441
-0.781842
-0.000000
1.038591
0.000000
0.381707
-1.124902
-0.000000
0.511443
0.000000
1.041537
-1.089966
-0.000000
-0.148388
0.000000
1.579840
-0.666556
-0.000000
-0.686690
0.000000
1.786300
-0.000000
-0.000000
-0.893150
0.000000
1.786300
0.000000
0.000000
-0.893150
0.000000
1.571500
0.684582
0.000000
-0.678350
0.000000
1.011969
1.115082
0.000000
-0.118819
0.000000
0.327830
1.139861
0.000000
0.565320
0.000000
-0.214933
0.770449
0.000000
1.108083
0.000000
-0.412335
0.175826
0.000000
1.305485
0.000000
-0.204772
-0.387344
-0.000000
1.097921
0.000000
0.299656
-0.680047
-0.000000
0.593493
0.000000
0.870321
-0.578829
-0.000000
0.022829
0.000000
1.249287
-0.126337
-0.000000
-0.356137
0.000000
1.257679
0.486143
-0.000000
-0.364529
0.000000
0.869768
0.997008
-0.000000
0.023382
-0.000000
0.224507
1.181573
-0.000000
0.668643
-0.000000
-0.430237
0.944472
-0.000000
1.323387
-0.000000
-0.838052
0.359484
-0.000000
1.731202
-0.000000
-0.838052
-0.359484
0.000000
1.731202
-0.000000
-0.430237
-0.944472
0.000000
1.323387
-0.000000
0.224507
-1.181573
0.000000
0.668643
-0.000000
0.869768
-0.997008
0.000000
0.023382
-0.000000
1.257679
-0.486143
0.000000
-0.364529
0.000000
1.249287
0.126337
0.000000
-0.356137
0.000000
0.870321
0.578829
0.000000
0.022829
0.000000
0.299656
0.680047
0.000000
0.593493
0.000000
-0.204772
0.387344
0.000000
1.097921
0.000000
-0.412335
-0.175826
-0.000000
1.305485
0.000000
-0.214933
-0.770449
-0.000000
1.108083
0.000000
0.327830
-1.139861
-0.000000
0.565320
0.000000
1.011969
-1.115082
-0.000000
-0.118819
0.000000
1.571500
-0.684582
-0.000000
-0.678350
0.000000
1.786300
-0.000000
-0.000000
-0.893150
0.000000
1.786300
0.000000
0.000000
-0.893150
0.000000
1.563160
0.702608
0.000000
-0.670010
0.000000
0.982400
1.140197
0.000000
-0.089251
0.000000
0.273953
1.154820
0.000000
0.619197
0.000000
-0.284425
0.759056
0.000000
1.177575
0.000000
-0.479901
0.130015
0.000000
1.373051
0.000000
-0.250670
-0.463627
-0.000000
1.143820
0.000000
0.289681
-0.771765
-0.000000
0.603468
0.000000
0.899434
-0.665234
-0.000000
-0.006284
0.000000
1.308314
-0.188651
-0.000000
-0.415164
0.000000
1.328721
0.457837
-0.000000
-0.435571
0.000000
0.933214
1.000447
-0.000000
-0.040064
-0.000000
0.266592
1.203886
-0.000000
0.626558
-0.000000
-0.412384
0.967958
-0.000000
1.305533
-0.000000
-0.835904
0.369240
-0.000000
1.729054
-0.000000
-0.835904
-0.369240
0.000000
1.729054
-0.000000
-0.412384
-0.967958
0.000000
1.305533
-0.000000
0.266592
-1.203886
0.000000
0.626558
-0.000000
0.933214
-1.000447
0.000000
-0.040064
-0.000000
1.328721
-0.457837
0.000000
-0.435571
0.000000
1.308314
0.188651
0.000000
-0.415164
0.000000
0.899434
0.665234
0.000000
-0.006284
0.000000
0.289681
0.771765
0.000000
0.603468
0.000000
-0.250670
0.463627
0.000000
1.143820
0.000000
-0.479901
-0.130015
-0.000000
1.373051
0.000000
-0.284425
-0.759056
-0.000000
1.177575
0.000000
0.273953
-1.154820
-0.000000
0.619197
0.000000
0.982400
-1.140197
-0.000000
-0.089251
0.000000
1.563160
-0.702608
-0.000000
-0.670010
0.000000
1.786300
-0.000000
-0.000000
-0.893150
0.000000
1.786300
0.000000
0.000000
-0.893150
0.000000
1.554820
0.720635
0.000000
-0.661670
0.000000
0.952832
1.165313
0.000000
-0.059682
0.000000
0.220076
1.169779
0.000000
0.673074
0.000000
-0.353917
0.747664
0.000000
1.247067
0.000000
-0.547467
0.084204
0.000000
1.440617
0.000000
-0.296568
-0.539911
-0.000000
1.189718
0.000000
0.279706
-0.863484
-0.000000
0.613443
0.000000
0.928547
-0.751639
-0.000000
-0.035398
0.000000
1.367341
-0.250965
-0.000000
-0.474191
0.000000
1.399764
0.429531
-0.000000
-0.506614
0.000000
0.996661
1.003887
-0.000000
-0.103511
-0.000000
0.308678
1.226198
-0.000000
0.584472
-0.000000
-0.394530
0.991445
-0.000000
1.287680
-0.000000
-0.833757
0.378996
-0.000000
1.726907
-0.000000
-0.833757
-0.378996
0.000000
1.726907
-0.000000
-0.394530
-0.991445
0.000000
1.287680
-0.000000
0.308678
-1.226198
0.000000
0.584472
-0.000000
0.996661
-1.003887
0.000000
-0.103511
-0.000000
1.399764
-0.429531
0.000000
-0.506614
0.000000
1.367341
0.250965
0.000000
-0.474191
0.000000
0.928547
0.751639
0.000000
-0.035398
0.000000
0.279706
0.863484
0.000000
0.613443
0.000000
-0.296568
0.539911
0.000000
1.189718
0.000000
-0.547467
-0.084204
-0.000000
1.440617
0.000000
-0.353917
-0.747664
-0.000000
1.247067
0.000000
0.220076
-1.169779
-0.000000
0.673074
0.000000
0.952832
-1.165313
-0.000000
-0.059682
0.000000
1.554820
-0.720635
-0.000000
-0.661670
0.000000
1.786300
-0.000000
-0.000000
-0.893150
0.000000
1.786300
0.000000
0.000000
-0.893150
0.000000
1.546480
0.738661
0.000000
-0.653330
0.000000
0.923263
1.190429
0.000000
-0.030113
0.000000
0.166199
1.184738
0.000000
0.726951
0.000000
-0.423409
0.736271
0.000000
1.316559
0.000000
-0.615033
0.038393
0.000000
1.508183
0.000000
-0.342466
-0.616194
-0.000000
1.235616
0.000000
0.269732
-0.955202
-0.000000
0.623418
0.000000
0.957661
-0.838044
-0.000000
-0.064511
0.000000
1.426368
-0.313279
-0.000000
-0.533218
0.000000
1.470807
0.401225
-0.000000
-0.577657
0.000000
1.060108
1.007327
-0.000000
-0.166958
-0.000000
0.350764
1.248510
-0.000000
0.542386
-0.000000
-0.376676
1.014931
-0.000000
1.269826
-0.000000
-0.831609
0.388752
-0.000000
1.724759
-0.000000
-0.831609
-0.388752
0.000000
1.724759
-0.000000
-0.376676
-1.014931
0.000000
1.269826
-0.000000
0.350764
-1.248510
0.000000
0.542386
-0.000000
1.060108
-1.007327
0.000000
-0.166958
-0.000000
1.470807
-0.401225
0.000000
-0.577657
0.000000
1.426368
0.313279
0.000000
-0.533218
0.000000
0.957661
0.838044
0.000000
-0.064511
0.000000
0.269732
0.955202
0.000000
0.623418
0.000000
-0.342466
0.616194
0.000000
1.235616
0.000000
-0.615033
-0.038393
-0.000000
1.508183
0.000000
-0.423409
-0.736271
-0.000000
1.316559
0.000000
0.166199
-1.184738
-0.000000
0.726951
0.000000
0.923263
-1.190429
-0.000000
-0.030113
0.000000
1.546480
-0.738661
-0.000000
-0.653330
0.000000
1.786300
-0.000000
-0.000000
-0.893150
0.000000
1.786300
0.000000
0.000000
-0.893150
0.000000
1.538140
0.756688
0.000000
-0.644990
0.000000
0.893695
1.215545
0.000000
-0.000545
0.000000
0.112322
1.199697
0.000000
0.780828
0.000000
-0.492901
0.724878
0.000000
1.386051
0.000000
-0.682599
-0.007417
0.000000
1.575749
0.000000
-0.388365
-0.692478
-0.000000
1.281514
0.000000
0.259757
-1.046920
-0.000000
0.633393
0.000000
0.986774
-0.924449
-0.000000
-0.093624
0.000000
1.485395
-0.375594
-0.000000
-0.592245
0.000000
1.541849
0.372919
-0.000000
-0.648700
-0.000000
1.123554
1.010767
-0.000000
-0.230404
-0.000000
0.392849
1.270823
-0.000000
0.500301
-0.000000
-0.358822
1.038417
-0.000000
1.251972
-0.000000
-0.829462
0.398508
-0.000000
1.722612
-0.000000
-0.829462
-0.398508
0.000000
1.722612
-0.000000
-0.358822
-1.038417
0.000000
1.251972
-0.000000
0.392849
-1.270823
0.000000
0.500301
-0.000000
1.123554
-1.010767
0.000000
-0.230404
-0.000000
1.541849
-0.372919
0.000000
-0.648700
-0.000000
1.485395
0.375594
0.000000
-0.592245
0.000000
0.986774
0.924449
0.000000
-0.093624
0.000000
0.259757
1.046920
0.000000
0.633393
0.000000
-0.388365
0.692478
0.000000
1.281514
0.000000
-0.682599
0.007417
-0.000000
1.575749
0.000000
-0.492901
-0.724878
-0.000000
1.386051
0.000000
0.112322
-1.199697
-0.000000
0.780828
0.000000
0.893695
-1.215545
-0.000000
-0.000545
0.000000
1.538140
-0.756688
-0.000000
-0.644990
0.000000
1.786300
-0.000000
-0.000000
-0.893150
0.000000
1.786300
0.000000
0.000000
-0.893150
0.000000
1.529800
0.774714
0.000000
-0.636650
0.000000
0.864126
1.240660
0.000000
0.029024
0.000000
0.058445
1.214655
0.000000
0.834704
0.000000
-0.562394
0.713486
0.000000
1.455543
0.000000
-0.750165
-0.053228
0.000000
1.643314
0.000000
-0.434263
-0.768761
-0.000000
1.327413
0.000000
0.249782
-1.138639
-0.000000
0.643368
0.000000
1.015887
-1.010853
-0.000000
-0.122737
0.000000
1.544422
-0.437908
-0.000000
-0.651272
0.000000
1.612892
0.344613
-0.000000
-0.719742
-0.000000
1.187001
1.014207
-0.000000
-0.293851
-0.000000
0.434935
1.293135
-0.000000
0.458215
-0.000000
-0.340969
1.061903
-0.000000
1.234119
-0.000000
-0.827314
0.408264
-0.000000
1.720464
-0.000000
-0.827314
-0.408264
0.000000
1.720464
-0.000000
-0.340969
-1.061903
0.000000
1.234119
-0.000000
0.434935
-1.293135
0.000000
0.458215
-0.000000
1.187001
-1.014207
0.000000
-0.293851
-0.000000
1.612892
-0.344613
0.000000
-0.719742
-0.000000
1.544422
0.437908
0.000000
-0.651272
0.000000
1.015887
1.010853
0.000000
-0.122737
0.000000
0.249782
1.138639
0.000000
0.643368
0.000000
-0.434263
0.768761
0.000000
1.327413
0.000000
-0.750165
0.053228
-0.000000
1.643314
0.000000
-0.562394
-0.713486
-0.000000
1.455543
0.000000
0.058445
-1.214655
-0.000000
0.834704
0.000000
0.864126
-1.240660
-0.000000
0.029024
0.000000
1.529800
-0.774714
-0.000000
-0.636650
0.000000
1.786300
-0.000000
-0.000000
-0.893150
0.000000
1.786300
0.000000
0.000000
-0.893150
0.000000
1.521460
0.792740
0.000000
-0.628311
0.000000
0.834558
1.265776
0.000000
0.058592
0.000000
0.004569
1.229614
0.000000
0.888581
0.000000
-0.631886
0.702093
0.000000
1.525036
0.000000
-0.817730
-0.099039
-0.000000
1.710880
0.000000
-0.480161
-0.845045
-0.000000
1.373311
0.000000
0.239807
-1.230357
-0.000000
0.653343
0.000000
1.045000
-1.097258
-0.000000
-0.151850
0.000000
1.603449
-0.500222
-0.000000
-0.710299
0.000000
1.683935
0.316307
-0.000000
-0.790785
-0.000000
1.250448
1.017647
-0.000000
-0.357298
-0.000000
0.477020
1.315448
-0.000000
0.416129
-0.000000
-0.323115
1.085389
-0.000000
1.216265
-0.000000
-0.825167
0.418020
-0.000000
1.718317
-0.000000
-0.825167
-0.418020
0.000000
1.718317
-0.000000
-0.323115
-1.085389
0.000000
1.216265
-0.000000
0.477020
-1.315448
0.000000
0.416129
-0.000000
1.250448
-1.017647
0.000000
-0.357298
-0.000000
1.683935
-0.316307
0.000000
-0.790785
-0.000000
1.603449
0.500222
0.000000
-0.710299
0.000000
1.045000
1.097258
0.000000
-0.151850
0.000000
0.239807
1.230357
0.000000
0.653343
0.000000
-0.480161
0.845045
0.000000
1.373311
0.000000
-0.817730
0.099039
0.000000
1.710880
0.000000
-0.631886
-0.702093
-0.000000
1.525036
0.000000
0.004569
-1.229614
-0.000000
0.888581
0.000000
0.834558
-1.265776
-0.000000
0.058592
0.000000
1.521460
-0.792740
-0.000000
-0.628311
0.000000
1.786300
-0.000000
-0.000000
-0.893150
0.000000
1.786300
0.000000
0.000000
-0.893150
0.000000
1.513120
0.810767
0.000000
-0.619971
0.000000
0.804989
1.290892
0.000000
0.088161
0.000000
-0.049308
1.244573
0.000000
0.942458
0.000000
-0.701378
0.690700
0.000000
1.594528
0.000000
-0.885296
-0.144850
-0.000000
1.778446
0.000000
-0.526059
-0.921328
-0.000000
1.419209
0.000000
0.229832
-1.322076
-0.000000
0.663318
0.000000
1.074113
-1.183663
-0.000000
-0.180963
0.000000
1.662476
-0.562536
-0.000000
-0.769326
0.000000
1.754978
0.288001
-0.000000
-0.861828
-0.000000
1.313894
1.021087
-0.000000
-0.420745
-0.000000
0.519106
1.337760
-0.000000
0.374044
-0.000000
-0.305261
1.108875
-0.000000
1.198411
-0.000000
-0.823019
0.427776
-0.000000
1.716169
-0.000000
-0.823019
-0.427776
0.000000
1.716169
-0.000000
-0.305261
-1.108875
0.000000
1.198411
-0.000000
0.519106
-1.337760
0.000000
0.374044
-0.000000
1.313894
-1.021087
0.000000
-0.420745
-0.000000
1.754978
-0.288001
0.000000
-0.861828
-0.000000
1.662476
0.562536
0.000000
-0.769326
0.000000
1.074113
1.183663
0.000000
-0.180963
0.000000
0.229832
1.322076
0.000000
0.663318
0.000000
-0.526059
0.921328
0.000000
1.419209
0.000000
-0.885296
0.144850
0.000000
1.778446
0.000000
-0.701378
-0.690700
-0.000000
1.594528
0.000000
-0.049308
-1.244573
-0.000000
0.942458
0.000000
0.804989
-1.290892
-0.000000
0.088161
0.000000
1.513120
-0.810767
-0.000000
-0.619971
0.000000
1.786300
-0.000000
-0.000000
-0.893150
0.000000
